61432604	0
56644751	0
24212570	0
39961546	0
13343753	0
53354832	0
58301733	0
66384225	0
43414510	0
31590800	0
56200170	1
16201504	1
78765174	1
73122656	2
20302144	2
34661612	3
76924827	3
16126038	4
41751713	4
39498667	5
50179594	5
63797548	5
12734582	5
24952441	5
50760361	5
77866741	5
85109694	5
30143307	5
28818331	5
10914581	5
82887500	5
48505673	5
23097262	5
49706338	5
17744892	5
33645390	5
31261033	5
77333560	5
22826972	5
68449144	5
59128093	5
55811112	5
40418294	5
12244136	5
32010824	5
27935269	5
74322170	5
59304468	5
57392676	5
11559117	5
21122320	5
25974745	5
82964544	5
83005275	5
43027663	5
73387916	6
66426062	6
29265024	6
69761839	6
19060147	6
41256403	7
44188442	7
56714363	8
51340873	8
50139835	8
78125800	9
27038341	9
18474489	9
36960662	9
37633684	9
21306317	9
84342275	9
69402916	9
36712772	9
51723974	9
80237774	9
88734742	9
42904233	9
46005859	9
46097187	9
13087052	9
45137017	9
25522542	9
63290025	9
62140963	9
59745543	9
83302395	9
53292593	9
18695018	9
23719333	9
31928942	9
71637056	9
78226819	9
41869961	9
49401839	9
64423019	9
34259820	9
18276903	9
83424915	9
16308613	9
47861521	9
26436020	9
82909715	9
50576847	9
86054807	9
25634881	9
60116113	9
39390140	9
42344417	9
43142953	9
61473817	9
17529558	9
70789628	9
51715380	9
42728237	9
68973201	9
85075073	9
81820655	9
41769778	9
57902010	9
54343425	9
39249498	9
47159193	9
55884514	9
26840664	9
87839858	9
32176632	9
82262060	9
68807305	9
79796099	9
57476288	9
19458296	9
15605828	9
52080632	9
48972356	9
62062468	9
83069563	9
48924036	9
12368774	9
79360230	9
55188291	9
20610916	9
80280441	9
11137664	9
24717762	9
15048044	9
38334388	9
65151275	9
36862190	9
23877478	9
76419802	9
12500231	9
80260270	9
29463689	9
83886907	9
60825091	9
14295417	9
76762422	9
35822390	9
50836508	9
67181687	10
21543248	10
28099845	11
34482603	11
56779845	12
16930043	12
28734149	13
12294255	13
55797644	13
21557059	14
67802711	14
28494318	14
35717550	15
36270239	15
66136789	15
27014912	16
81357324	16
65384908	17
76923463	17
83266257	17
46480996	17
14229185	17
44159627	17
60070412	17
43295889	17
85022915	17
32594236	17
18123578	17
85382952	17
13417591	17
14914876	17
82943209	17
66879225	17
43544130	17
34240706	17
60750015	17
35507980	17
54161038	17
78626561	17
61315552	17
61700956	17
64513269	17
62102030	17
58327244	17
78066363	17
36624376	17
81458698	18
64006703	18
32033665	18
79148212	18
71602997	18
80526774	18
50825834	18
30392945	19
64729958	19
27681816	20
81326350	20
26594133	20
68182122	21
34883068	21
81359586	22
35451688	22
24183479	23
59097834	23
21342078	23
27612902	24
16455780	24
14750558	25
64123320	25
27494452	26
57340764	26
26815568	26
79243495	26
17577509	26
17420842	26
86186909	26
76385707	26
86005985	26
82559736	26
43986361	27
33003066	27
24614601	28
54195693	28
45604524	28
49467116	28
40381413	28
27178002	28
89139502	28
51537655	28
30349144	28
45787264	28
57785101	28
80544232	28
45512999	28
55308093	28
86629702	28
23532951	28
52081581	28
80362348	28
42723545	28
71290409	28
25822581	28
57273630	28
54231269	28
30567028	28
42225604	28
28506121	28
12719189	28
65880625	28
37819002	28
59052027	28
73221769	28
48624850	28
14017838	28
32070125	28
67505588	28
57478411	28
72529929	28
87968177	28
62316912	28
33387418	28
35528426	28
85773429	28
57824903	28
15191156	28
64904558	28
51614144	28
84585376	28
40496975	28
18376184	28
85078755	28
23370002	28
60477949	28
29448566	28
86954078	28
64943276	28
43120723	28
87774722	28
44954486	28
51416377	28
76443502	28
59081436	28
41843347	28
69788682	28
74468156	28
23599426	28
49006326	28
29727641	28
78167188	28
23520472	28
12144394	28
53164540	28
86463330	28
69396280	28
11494732	28
70883269	28
51611822	28
88244357	28
15997736	28
80890766	29
23390211	29
15776001	30
70671747	30
62560214	30
57884364	31
56846829	31
88891095	31
72727138	31
49972713	31
25673400	31
65147138	31
11868158	31
39680916	32
50754197	32
24099849	32
66177523	32
26770136	32
85821032	32
24861450	33
44265533	33
56781346	33
86317703	33
31443156	33
19526700	33
49107794	33
65748217	33
50869650	34
40652730	34
17283117	35
87899860	35
12091029	35
80018515	35
50857156	35
76077790	35
31285145	35
81012543	35
44993975	35
23358080	35
87740158	36
14985870	36
62257390	37
87980950	37
79716050	37
19963729	37
33648385	37
70510622	37
48906303	37
54819732	37
77451886	37
12550623	37
75742218	37
81391991	37
49581995	37
33776747	37
31622631	37
45298053	37
57518591	37
73514517	37
50369909	37
63515348	37
14037384	37
87938205	37
11689586	37
62344882	37
74004415	37
66817966	37
82463356	37
39250024	37
50073325	37
82403498	37
83785257	37
55363371	37
10961558	37
70780269	37
60320488	37
65570986	38
26213645	38
27096620	38
29050169	38
59008942	38
60888824	38
66352373	38
13989842	38
53556279	38
63830945	38
84652597	38
48067678	38
18932948	38
88361389	38
85308994	38
54703932	38
50897607	38
82817314	38
40065500	38
40605657	38
84492371	38
80420004	38
58130035	38
55954711	39
76338691	39
14650764	39
36623696	39
30395350	40
42083204	40
81189725	41
86985765	41
60302642	42
63244893	42
19213870	42
15581858	43
19053109	43
70401616	44
61706086	44
20452340	45
47151119	45
44304119	46
24175447	46
68678081	46
69312195	46
25152607	47
43388370	47
66175702	48
39319765	48
66949148	49
46075146	49
13867365	49
18818185	49
41060705	49
18568535	49
39712114	49
16525188	49
64426069	49
24871797	49
18924544	49
69961393	49
56828264	49
67671754	49
72297418	49
40147523	49
36889446	49
72849671	49
72414586	49
63197746	49
62150940	49
39997739	49
67533870	49
46528106	49
32113848	49
79773095	49
51787368	49
20012830	49
46404189	49
59436418	49
14213528	49
69556651	49
20446812	51
49674114	51
21623291	52
48899654	52
66235769	52
57650096	52
12644623	52
66995117	53
53275933	53
69792617	53
60285365	53
86295535	55
22160189	55
42844583	56
44029029	56
11591320	56
40076310	56
84238964	56
85725147	56
60455863	56
85932102	56
46173563	56
60001996	57
84761531	57
41962484	57
49815100	58
89010560	58
64075349	59
38425887	59
40002204	59
27897509	59
39292657	59
65337758	59
75358245	59
47821231	59
88498570	59
60205662	59
77470329	59
20441327	60
50695918	60
74509187	60
37011797	60
43363673	60
62668688	60
82355730	60
56183333	60
43011511	60
78405477	60
32360351	60
29622571	60
46763422	60
39059811	61
78219759	61
52860223	62
40312806	62
88965947	63
32179024	63
28160933	64
48444188	64
33298129	65
57057471	65
59553725	66
26053053	66
67334182	67
65472751	67
50807727	68
27409600	68
76388686	69
52707587	69
32760654	69
27531272	70
23249863	70
32988484	71
69165736	71
40580165	72
76369937	72
41029299	73
41018867	73
38661085	73
77466415	73
42235373	73
11552419	74
62710683	74
64236660	75
41112295	76
27120832	77
41005927	77
86424856	77
50801481	77
66771022	77
49314935	77
76279892	77
66155130	77
60077027	77
87619966	77
21453671	78
37998777	78
21628366	79
50379610	79
16484558	79
63401239	79
63805801	79
76755702	79
31536405	79
83382366	79
59511784	79
71353861	79
38197870	79
47548286	79
28711200	79
21200754	80
81122371	80
75183369	81
16915889	81
27480793	82
48241378	82
44820460	82
74685461	82
43379845	82
39430546	82
46134038	83
35877928	83
58916629	84
70703751	84
53658128	84
85590388	85
57205620	85
71555955	85
50916320	86
64603297	86
76702926	87
72510171	87
67795057	88
70291407	88
55249625	88
34233571	88
24748401	89
30460489	89
43094630	89
88504404	90
34193858	90
31839664	91
65688969	91
19376576	92
84970594	92
67483890	92
77284526	93
67540636	93
84570005	93
75773244	94
58360631	94
26781762	95
23210190	95
26820219	95
41120528	95
55867808	95
84797729	95
28402212	95
51176579	96
83309785	96
30558682	97
77915633	98
28738452	98
12396064	99
65984335	99
15687999	100
18637310	100
81385148	101
16802337	101
14214126	102
83639103	102
45477586	102
67742447	103
77253901	103
45988382	104
82226391	104
43362871	104
68952251	105
15465552	105
49489434	106
15736273	107
27002722	107
65285615	108
44748457	108
78599091	109
60550506	109
35627195	110
72059458	110
71783659	111
23234200	111
75794315	112
88314164	112
72357244	112
59186174	112
14058382	112
83791031	113
70768786	113
13628219	114
22693599	114
23142358	114
72540887	115
83850153	115
60164845	116
51461907	116
20549608	117
42427054	117
21066318	118
31024143	118
63657776	118
42202703	118
86530595	118
72237932	118
48793622	118
79284864	118
53802330	118
25409208	118
73959668	118
48337434	118
85770266	118
23365760	118
71217354	118
36699070	119
77824028	119
74764040	120
49833451	120
14440146	120
13997715	120
50724131	120
68111551	120
26575906	120
27115989	120
14256165	120
72127682	120
67217863	120
36602625	121
78487292	121
22779333	122
40301017	122
73706744	123
74962862	123
71407229	123
13412356	124
64970224	124
81716832	125
23920726	125
36869170	126
75342110	126
76172065	126
16927816	126
29984151	126
11066245	127
85660379	127
39477094	127
25535135	128
21296227	128
72857588	129
34715932	129
32040522	130
62243757	130
74824568	130
22918655	131
53728027	131
63406099	132
49037343	132
54853662	132
39316125	132
66421144	133
33503282	133
26435850	133
82606847	133
41251470	133
19435703	134
41969555	134
42055617	135
60929754	135
17212992	136
65441631	136
25223382	137
73104186	137
41156343	137
40288114	138
12660796	139
30316685	139
84027307	140
60255493	140
47705792	141
74142144	141
59924015	141
82863965	142
71212021	142
26977218	142
47502094	142
58376835	142
82518025	143
63024375	143
24901785	144
12487121	144
68442861	145
88750935	145
83966908	146
44462839	146
43652768	146
52173072	147
26344191	147
15931783	148
71149272	148
61562668	149
73676255	149
85791862	150
65766637	150
74706143	150
81947376	150
29092937	150
72245919	151
69696897	151
70710432	152
69614747	152
43107020	153
83245510	153
61996628	154
31618033	154
18177949	154
67934389	155
26182459	155
79888626	156
49004154	156
58148560	157
71803360	157
28978689	158
67580549	158
88927373	158
26825349	159
87342184	159
46860765	160
37312625	160
39404034	161
27610377	161
42233493	162
49330027	162
70538380	162
85953227	163
83036398	163
85456916	163
75651789	163
50610512	164
24747328	164
74331503	164
15093624	165
19936177	165
20145096	166
14861595	166
69162976	167
21800056	167
25348677	168
45968814	168
23733148	168
60591082	169
66932269	169
10933040	170
13859121	170
54378233	171
66321391	171
37991878	172
35980147	172
84035686	173
29476307	173
37756599	174
73348617	174
56351344	175
45848576	175
88297581	176
84337299	176
22849701	177
26429101	177
12200924	177
82251088	177
69603754	177
56654449	177
41398328	177
27483237	178
26760751	178
83620379	179
61717060	179
44690641	180
45987093	180
32341150	181
51343398	181
77911145	182
23019809	182
52460226	182
58561259	182
62986680	182
63977092	182
50991705	182
47208188	183
47780495	183
37859315	184
24189347	184
40231399	185
50299877	185
20788386	186
81718787	186
69497035	187
83270888	187
12460932	188
17410575	188
29937009	188
57530637	189
36399925	189
22723448	189
15557178	189
63282723	189
25235315	189
35292558	189
76967224	189
57825742	189
43178982	189
75035602	190
54619985	190
36867139	190
64630665	191
42825748	191
56656364	192
37896608	192
29805506	193
37256968	193
47061624	193
16029675	194
16370880	194
87301408	195
88618238	195
82392544	196
17562280	196
72990274	197
50031282	197
45550820	198
35928517	198
82977868	199
73797907	199
20694014	200
61923288	200
14336397	201
12157372	201
79567512	201
55445227	201
14528125	201
87373431	202
73412657	202
45603158	203
86112467	203
13925741	203
11390857	204
48385175	204
30858797	205
37045229	205
55956800	206
41568594	206
40645353	207
63721310	207
43081053	208
15404897	208
79828903	209
25673006	209
23179497	209
25736362	210
19852554	210
72552100	210
54278161	210
37788514	211
41897088	211
13021359	212
19836741	212
63050217	213
79207440	213
13258081	214
38753350	214
88896324	215
34515759	215
74490232	216
44560543	216
29655693	216
71682963	216
20214811	217
69665548	217
34044378	218
36291075	218
40375169	219
51121394	219
25121910	220
82147477	220
21225272	221
52857594	221
79536716	221
59823265	222
23404788	222
85522539	224
28065796	224
14188005	225
49758332	225
30607264	226
33566706	226
37716260	227
83883988	227
77115005	228
83809409	228
55767806	229
76000716	229
44362177	230
27844483	230
41526607	231
75184965	231
23537550	232
52048860	232
40448228	233
67703417	234
71916146	234
31546075	235
50690055	235
73699052	236
28291200	236
29939082	237
86161836	237
24557846	238
43884726	238
52881903	238
56063381	239
80325621	239
70095090	239
41980198	240
62524420	240
37267998	241
35869077	241
80311572	242
58746258	242
68605216	243
31706774	244
54477461	244
58842029	244
70108781	245
69382381	245
70901531	246
26518928	246
63227396	247
11926930	247
65886765	248
11673548	248
18652116	249
70660733	249
78387013	250
82757661	250
47552445	251
20510268	251
19556346	252
68011728	252
15532083	252
36951395	253
17801905	253
77406873	254
12645977	254
70215914	255
34756827	255
28201012	256
73856368	256
26658452	257
24488481	257
48523066	258
88151710	258
13496234	260
61057800	260
12130010	261
76522942	261
40603066	262
57478095	262
31546897	263
11332717	263
66992301	263
63505397	264
75037100	264
29709106	265
37161224	265
63056956	266
44571135	266
84574097	267
68484992	267
34187958	268
23864952	268
22934390	269
82021788	269
85957085	270
72570031	270
30259333	271
37552943	271
52277295	272
12527521	272
17392483	273
75920494	273
18488362	274
31818188	274
61541295	275
33195120	275
55116834	277
62687408	277
80930457	278
26060587	278
33742483	279
12322173	280
49560794	280
31336984	281
54618771	281
85738299	282
79460550	282
25756171	283
82694251	284
72154142	284
42496387	284
82877432	285
76243850	285
36488430	286
43076461	286
57065334	287
72809794	287
12437749	288
51148693	288
58321683	289
34776062	289
82329036	290
27904823	290
37224831	291
55787408	291
85890525	292
75847305	292
13048455	293
26196451	293
69650925	294
45786380	294
28394706	294
61677154	295
36598225	295
31390695	296
38027803	296
60999234	296
19616242	297
34231336	297
42095779	298
52020998	298
21504588	299
18268341	299
75723388	300
35149507	300
31967092	301
43333108	301
52476826	302
72172185	302
30180549	303
61783817	303
45115224	304
84702679	304
47859255	305
53815683	305
21313214	306
81421253	307
51294185	307
19575708	308
27630396	308
31961768	309
16227439	309
85992323	310
40449265	310
60269726	311
34269065	311
75506465	312
37363639	312
58706014	313
12147287	313
48180518	314
19357992	314
84727567	315
85730522	315
61556084	316
72582607	316
18286219	317
87878005	317
59962746	318
11286413	318
67044062	319
78856989	319
73271068	320
15090681	320
78054764	321
41625183	321
63444080	322
30157035	322
39085002	323
36305338	323
48840470	324
50732926	324
17377833	325
25192249	325
45986947	326
28407195	326
50421642	327
78737672	327
31769814	328
38632555	328
24247027	329
88192467	329
23205332	330
41977780	330
74174097	332
86723955	332
50849597	333
60984666	333
21482909	334
15011204	334
63816883	335
88588132	335
84681178	336
49288512	336
37675804	337
52101770	337
57129832	338
86240122	339
18291642	339
42464556	340
61142385	340
22011464	341
77847690	341
19932763	342
74433014	342
39385795	343
60133251	343
